"Date"	"United.States"	"Georgia"	"Atlanta"	"HHSRegion4"
2003-09-28	902	514	519	631
2003-10-05	952	532	484	652
2003-10-12	1092	557	497	735
2003-10-19	1209	608	563	822
2003-10-26	1249	745	845	797
2003-11-02	1374	767	771	850
2003-11-09	1702	803	705	1153
2003-11-16	2148	1236	1527	1479
2003-11-23	2968	1526	2198	2182
2003-11-30	3524	2922	3417	3192
2003-12-07	5389	5691	8408	6251
2003-12-14	7276	7393	11488	9518
2003-12-21	8196	9060	9416	9582
2003-12-28	5250	5403	4275	5378
2004-01-04	3154	2814	3018	2720
2004-01-11	2057	1707	1659	1717
2004-01-18	1616	1330	1432	1377
2004-01-25	1396	1074	1139	1041
2004-02-01	1227	1016	1129	971
2004-02-08	1186	988	962	835
2004-02-15	1162	898	864	792
2004-02-22	1118	855	788	775
2004-02-29	989	744	640	635
2004-03-07	919	643	600	576
2004-03-14	846	561	538	639
2004-03-21	883	570	646	592
2004-03-28	808	525	583	521
2004-04-04	831	528	633	565
2004-04-11	796	516	544	521
2004-04-18	719	475	473	468
2004-04-25	722	451	425	424
2004-05-02	705	414	369	416
2004-05-09	680	402	328	406
2004-05-16	663	413	338	457
2004-05-23	649	422	324	409
2004-05-30	650	431	394	420
2004-06-06	653	429	391	451
2004-06-13	631	389	362	420
2004-06-20	623	369	344	386
2004-06-27	602	379	345	432
2004-07-04	629	378	343	413
2004-07-11	597	372	356	360
2004-07-18	576	410	357	397
2004-07-25	587	420	360	367
2004-08-01	593	392	338	401
2004-08-08	599	384	333	412
2004-08-15	618	378	331	430
2004-08-22	676	386	418	516
2004-08-29	701	412	469	454
2004-09-05	810	455	493	493
2004-09-12	826	438	462	501
2004-09-19	898	484	458	573
2004-09-26	922	481	434	599
2004-10-03	1139	613	491	757
2004-10-10	1408	944	779	969
2004-10-17	1630	1254	1066	1158
2004-10-24	1767	1335	1044	1306
2004-10-31	1804	1317	1268	1349
2004-11-07	1819	1452	1360	1419
2004-11-14	1761	1310	1313	1428
2004-11-21	1595	1123	1076	1152
2004-11-28	1800	1509	1276	1424
2004-12-05	1782	1341	1210	1324
2004-12-12	1850	1275	1255	1271
2004-12-19	2206	1430	1329	1559
2004-12-26	2715	1534	1519	1767
2005-01-02	2673	1584	1877	1806
2005-01-09	2459	1649	1470	1511
2005-01-16	2562	1516	1674	1606
2005-01-23	2886	1982	2190	2096
2005-01-30	3429	2748	2916	2816
2005-02-06	4037	3719	3856	3742
2005-02-13	4065	3989	3840	3950
2005-02-20	3540	3611	3611	3452
2005-02-27	2875	2748	2666	2745
2005-03-06	2554	2480	2634	2528
2005-03-13	2230	2356	2494	2312
2005-03-20	2024	1620	1727	1847
2005-03-27	1749	1268	1234	1432
2005-04-03	1421	1012	958	999
2005-04-10	1186	786	796	838
2005-04-17	1083	726	751	754
2005-04-24	1017	693	727	696
2005-05-01	959	682	770	668
2005-05-08	902	579	622	616
2005-05-15	850	469	522	534
2005-05-22	850	453	474	550
2005-05-29	826	537	434	565
2005-06-05	751	540	518	490
2005-06-12	761	506	471	483
2005-06-19	740	472	402	469
2005-06-26	684	430	418	458
2005-07-03	711	428	384	481
2005-07-10	712	457	363	444
2005-07-17	697	475	440	490
2005-07-24	695	462	435	449
2005-07-31	693	439	379	469
2005-08-07	710	464	448	495
2005-08-14	739	568	422	508
2005-08-21	787	535	452	529
2005-08-28	772	569	481	559
2005-09-04	881	628	479	633
2005-09-11	1053	713	534	730
2005-09-18	1068	777	579	740
2005-09-25	1177	800	695	816
2005-10-02	1364	993	835	951
2005-10-09	1504	1259	980	1162
2005-10-16	1532	1162	1061	1202
2005-10-23	1591	1255	858	1257
2005-10-30	1858	1582	1107	1538
2005-11-06	1778	1496	1170	1467
2005-11-13	1811	1268	1152	1447
2005-11-20	1640	1292	1201	1236
2005-11-27	1808	1373	1313	1315
2005-12-04	1806	1328	1455	1303
2005-12-11	2050	1246	1209	1410
2005-12-18	2494	1628	1161	1560
2005-12-25	2915	2018	1367	1971
2006-01-01	2522	1867	1694	1816
2006-01-08	2098	1326	1338	1487
2006-01-15	1998	1471	1438	1541
2006-01-22	2137	1714	1573	1700
2006-01-29	2155	1908	1567	1823
2006-02-05	2221	1895	1623	1943
2006-02-12	2437	2690	2460	2526
2006-02-19	2567	2746	2322	2737
2006-02-26	2564	2086	2015	2482
2006-03-05	2457	1728	1773	2103
2006-03-12	2170	1167	1236	1644
2006-03-19	2057	1208	1035	1379
2006-03-26	1896	1187	907	1302
2006-04-02	1574	765	768	953
2006-04-09	1363	641	672	807
2006-04-16	1191	675	624	742
2006-04-23	1090	568	574	698
2006-04-30	1060	588	554	669
2006-05-07	1003	676	560	683
2006-05-14	939	647	569	661
2006-05-21	927	536	576	593
2006-05-28	884	596	520	605
2006-06-04	818	639	569	610
2006-06-11	775	560	580	536
2006-06-18	729	531	528	482
2006-06-25	706	510	484	453
2006-07-02	735	492	456	487
2006-07-09	717	482	457	458
2006-07-16	695	456	490	446
2006-07-23	695	540	531	504
2006-07-30	677	478	549	437
2006-08-06	681	506	533	454
2006-08-13	717	583	517	506
2006-08-20	741	645	573	556
2006-08-27	760	576	546	555
2006-09-03	861	774	646	643
2006-09-10	965	778	878	685
2006-09-17	1101	839	819	781
2006-09-24	1133	788	780	785
2006-10-01	1178	873	807	843
2006-10-08	1230	879	911	906
2006-10-15	1297	1105	1063	1053
2006-10-22	1445	1229	1094	1123
2006-10-29	1577	1244	1172	1263
2006-11-05	1636	1476	1470	1449
2006-11-12	1758	1626	1548	1578
2006-11-19	1595	1711	1383	1455
2006-11-26	1889	1814	1519	1759
2006-12-03	1886	1875	1648	1724
2006-12-10	2079	2568	2245	2414
2006-12-17	2305	3333	2624	2969
2006-12-24	2547	3012	2930	2682
2006-12-31	2419	2165	2158	2112
2007-01-07	2082	1589	1836	1697
2007-01-14	1968	1573	1529	1590
2007-01-21	2182	1769	1606	1842
2007-01-28	2409	1927	1782	1993
2007-02-04	2806	2337	1992	2199
2007-02-11	2970	2760	2339	2482
2007-02-18	2941	2648	2139	2598
2007-02-25	2641	2259	2113	2292
2007-03-04	2424	1954	1822	1937
2007-03-11	2086	1685	1616	1626
2007-03-18	1893	1412	1259	1444
2007-03-25	1604	1046	1118	1141
2007-04-01	1375	864	976	875
2007-04-08	1372	952	1049	935
2007-04-15	1243	832	1042	820
2007-04-22	1080	852	974	762
2007-04-29	980	714	867	644
2007-05-06	931	646	744	649
2007-05-13	878	697	710	633
2007-05-20	850	646	675	560
2007-05-27	840	602	670	573
2007-06-03	774	586	635	547
2007-06-10	764	634	608	520
2007-06-17	748	546	583	491
2007-06-24	720	572	532	509
2007-07-01	708	552	552	486
2007-07-08	701	509	520	449
2007-07-15	705	631	505	487
2007-07-22	699	597	529	493
2007-07-29	705	574	535	486
2007-08-05	723	583	562	501
2007-08-12	744	643	604	519
2007-08-19	763	609	567	529
2007-08-26	809	656	540	590
2007-09-02	903	763	506	680
2007-09-09	957	726	602	691
2007-09-16	1041	721	728	727
2007-09-23	1082	711	782	782
2007-09-30	1180	878	824	850
2007-10-07	1210	843	857	892
2007-10-14	1326	1091	878	1035
2007-10-21	1377	1145	1068	1085
2007-10-28	1512	1281	1200	1188
2007-11-04	1594	1283	1229	1281
2007-11-11	1644	1333	1226	1310
2007-11-18	1465	1212	1145	1187
2007-11-25	1700	1447	1542	1339
2007-12-02	1632	1346	1365	1279
2007-12-09	1618	1268	1204	1248
2007-12-16	1709	1357	1280	1229
2007-12-23	1954	1520	1497	1347
2007-12-30	2278	1498	1523	1490
2008-01-06	2199	1539	1617	1485
2008-01-13	2230	1422	1509	1473
2008-01-20	2921	2053	2170	2095
2008-01-27	3880	3212	3167	3234
2008-02-03	4928	4764	4754	4730
2008-02-10	5352	6308	5761	5736
2008-02-17	5805	6944	6037	6540
2008-02-24	5050	5537	4571	5415
2008-03-02	4059	3878	3423	3915
2008-03-09	3229	2609	2379	2825
2008-03-16	2592	1902	1790	2066
2008-03-23	2172	1536	1645	1615
2008-03-30	1776	1230	1185	1289
2008-04-06	1508	958	929	1056
2008-04-13	1331	909	803	926
2008-04-20	1180	751	747	833
2008-04-27	1046	724	769	763
2008-05-04	947	682	734	672
2008-05-11	922	581	604	596
2008-05-18	873	601	532	592
2008-05-25	828	555	483	588
2008-06-01	770	501	439	531
2008-06-08	727	439	427	482
2008-06-15	713	426	389	466
2008-06-22	662	375	363	443
2008-06-29	646	390	359	443
2008-07-06	665	379	358	451
2008-07-13	638	429	384	444
2008-07-20	627	390	370	420
2008-07-27	634	365	354	433
2008-08-03	648	398	339	461
2008-08-10	684	533	374	488
2008-08-17	710	493	373	493
2008-08-24	771	615	464	559
2008-08-31	903	685	478	624
2008-09-07	1009	760	480	726
2008-09-14	1114	787	517	784
2008-09-21	1221	835	548	876
2008-09-28	1275	894	606	920
2008-10-05	1334	907	632	979
2008-10-12	1404	1007	706	1018
2008-10-19	1543	1195	805	1186
2008-10-26	1659	1333	952	1323
2008-11-02	1747	1444	1063	1435
2008-11-09	1953	1605	1291	1640
2008-11-16	2194	1692	1426	1620
2008-11-23	1969	1444	1574	1499
2008-11-30	2045	1602	1463	1758
2008-12-07	1938	1603	1379	1606
2008-12-14	1870	1531	1322	1629
2008-12-21	1942	1533	1349	1564
2008-12-28	2100	1457	1250	1584
2009-01-04	2133	1430	1196	1418
2009-01-11	1971	1238	1058	1345
2009-01-18	2191	1401	863	1464
2009-01-25	2555	1644	1145	1782
2009-02-01	3116	2168	1455	2222
2009-02-08	3484	2899	1988	2875
2009-02-15	3499	2948	1920	2960
2009-02-22	3447	2993	2113	3212
2009-03-01	3220	2752	2317	3167
2009-03-08	2711	2207	1965	2618
2009-03-15	2348	1654	1608	1993
2009-03-22	2021	1408	1343	1591
2009-03-29	1699	1104	1072	1260
2009-04-05	1462	950	900	1028
2009-04-12	1378	827	809	934
2009-04-19	1381	885	752	935
2009-04-26	2129	2116	2032	1817
2009-05-03	1885	1513	1494	1576
2009-05-10	1818	1126	1176	1166
2009-05-17	1892	1059	1207	1095
2009-05-24	1760	878	965	940
2009-05-31	1743	819	888	868
2009-06-07	1907	775	836	863
2009-06-14	1895	801	1005	955
2009-06-21	1686	805	947	938
2009-06-28	1490	716	805	966
2009-07-05	1337	686	739	938
2009-07-12	1278	806	831	1017
2009-07-19	1257	857	957	1048
2009-07-26	1324	943	934	1196
2009-08-02	1276	934	968	1159
2009-08-09	1302	997	817	1175
2009-08-16	1481	1418	918	1492
2009-08-23	1915	2856	2452	2121
2009-08-30	2498	4368	3644	2985
2009-09-06	3361	5240	3799	4615
2009-09-13	3790	4618	3503	4495
2009-09-20	4254	4074	3284	4643
2009-09-27	4926	3953	3203	4978
2009-10-04	5424	3935	3008	4881
2009-10-11	6037	3048	1945	4443
2009-10-18	7112	4186	4049	4906
2009-10-25	6533	4026	3887	4320
2009-11-01	5722	3528	3492	3669
2009-11-08	4468	2919	2755	2942
2009-11-15	3587	2602	2613	2615
2009-11-22	2655	2128	2163	1968
2009-11-29	2560	2173	2006	2018
2009-12-06	2190	1765	1653	1723
2009-12-13	2032	1715	1593	1574
2009-12-20	2055	1832	1794	1682
2009-12-27	2199	1824	1711	1806
2010-01-03	2169	1807	1721	1758
2010-01-10	1916	1595	1543	1577
2010-01-17	1860	1599	1476	1572
2010-01-24	1861	1571	1427	1532
2010-01-31	1910	1663	1572	1507
2010-02-07	1944	1769	1509	1566
2010-02-14	2000	1786	1501	1696
2010-02-21	1968	1777	1431	1690
2010-02-28	1888	1786	1518	1703
2010-03-07	1793	1599	1375	1619
2010-03-14	1619	1502	1250	1434
2010-03-21	1511	1282	1063	1266
2010-03-28	1350	1087	964	1053
2010-04-04	1257	829	812	893
2010-04-11	1123	734	684	786
2010-04-18	1110	759	628	707
2010-04-25	1149	794	661	717
2010-05-02	1088	727	643	657
2010-05-09	1060	724	617	634
2010-05-16	1042	679	596	629
2010-05-23	989	676	632	603
2010-05-30	965	671	639	581
2010-06-06	858	554	523	514
2010-06-13	808	482	486	482
2010-06-20	786	458	460	466
2010-06-27	765	468	442	433
2010-07-04	760	433	420	424
2010-07-11	752	451	418	445
2010-07-18	737	461	407	437
2010-07-25	744	449	422	425
2010-08-01	757	458	462	424
2010-08-08	754	509	461	437
2010-08-15	804	536	453	482
2010-08-22	846	654	535	532
2010-08-29	924	718	662	615
2010-09-05	1030	799	747	677
2010-09-12	1187	768	759	748
2010-09-19	1315	802	788	799
2010-09-26	1335	928	806	827
2010-10-03	1430	905	935	885
2010-10-10	1421	959	959	881
2010-10-17	1566	1123	1017	1032
2010-10-24	1596	1262	1036	1069
2010-10-31	1685	1344	1283	1160
2010-11-07	1758	1638	1545	1290
2010-11-14	1864	2016	1716	1456
2010-11-21	1661	1987	1788	1306
2010-11-28	1960	2176	1876	1492
2010-12-05	1943	2461	1959	1569
2010-12-12	2113	3133	2202	1976
2010-12-19	2512	4199	2911	2642
2010-12-26	2917	3778	3282	2903
2011-01-02	2978	3108	2708	2785
2011-01-09	2726	2011	1766	2275
2011-01-16	3089	2003	1806	2663
2011-01-23	3554	2486	2283	3182
2011-01-30	3601	2883	2629	3680
2011-02-06	3784	2935	2368	3661
2011-02-13	4077	3438	2976	3772
2011-02-20	3565	2832	2353	3005
2011-02-27	2980	1956	1758	2021
2011-03-06	2482	1571	1491	1564
2011-03-13	2076	1328	1237	1314
2011-03-20	1776	978	992	1021
2011-03-27	1589	929	954	908
2011-04-03	1405	851	849	863
2011-04-10	1228	709	771	714
2011-04-17	1126	692	709	665
2011-04-24	1055	643	678	589
2011-05-01	1013	636	669	596
2011-05-08	965	636	627	591
2011-05-15	937	576	645	553
2011-05-22	882	528	617	506
2011-05-29	859	530	624	498
2011-06-05	811	468	570	456
2011-06-12	744	405	525	432
2011-06-19	714	351	485	410
2011-06-26	651	363	442	363
2011-07-03	639	376	411	369
2011-07-10	626	388	395	366
2011-07-17	610	405	390	350
2011-07-24	604	357	381	354
2011-07-31	597	364	379	343
2011-08-07	616	382	369	352
2011-08-14	634	443	382	393
2011-08-21	717	589	433	469
2011-08-28	821	677	661	557
2011-09-04	951	780	909	643
2011-09-11	1127	947	1248	757
2011-09-18	1343	1075	1582	895
2011-09-25	1521	1223	1767	994
2011-10-02	1587	1388	1980	1045
2011-10-09	1640	1452	2079	1108
2011-10-16	1608	1444	2184	1086
2011-10-23	1638	1504	2392	1174
2011-10-30	1788	1776	2572	1320
2011-11-06	1797	1837	2705	1348
2011-11-13	1880	1847	2496	1370
2011-11-20	1785	1605	2217	1272
2011-11-27	2033	1933	2730	1463
2011-12-04	1981	1824	2732	1405
2011-12-11	2094	2100	3030	1555
2011-12-18	2370	2249	3026	1770
2011-12-25	2741	2529	3508	2063
2012-01-01	2860	2559	3626	2054
2012-01-08	2500	2193	2959	1818
2012-01-15	2411	2236	3045	1816
2012-01-22	2475	2186	2949	1826
2012-01-29	2507	2132	2909	1808
2012-02-05	2348	1895	2501	1670
2012-02-12	2501	2148	2748	1858
2012-02-19	2710	2279	2699	1943
2012-02-26	2519	1869	2412	1741
2012-03-04	2586	1865	2258	1713
2012-03-11	2556	1879	2200	1676
2012-03-18	2162	1525	1977	1394
2012-03-25	1936	1565	1813	1339
2012-04-01	1801	1350	1700	1183
2012-04-08	1799	1394	1659	1134
2012-04-15	1785	1450	1900	1131
2012-04-22	1729	1468	2008	1197
2012-04-29	1625	1374	1906	1139
2012-05-06	1651	1324	1565	1157
2012-05-13	1624	1305	1653	1181
2012-05-20	1537	1381	1665	1195
2012-05-27	1428	1282	1517	1103
2012-06-03	1329	1164	1465	1025
2012-06-10	1265	1100	1321	956
2012-06-17	1136	967	1128	832
2012-06-24	966	834	1040	712
2012-07-01	911	697	826	623
2012-07-08	939	758	939	647
2012-07-15	897	722	927	604
2012-07-22	869	668	818	588
2012-07-29	869	669	794	582
2012-08-05	889	750	912	603
2012-08-12	977	871	978	672
2012-08-19	1095	1094	1329	783
2012-08-26	1199	1283	1515	896
2012-09-02	1374	1447	1759	1096
2012-09-09	1543	1477	1865	1191
2012-09-16	1737	1621	1985	1297
2012-09-23	1895	1849	2299	1415
2012-09-30	2018	2080	2472	1512
2012-10-07	2325	2345	2819	1693
2012-10-14	2391	2488	3063	1766
2012-10-21	2369	2569	3030	1815
2012-10-28	2349	2799	3522	2102
2012-11-04	2492	3139	3638	2305
2012-11-11	2913	3941	4420	2880
2012-11-18	3040	4581	4921	3269
2012-11-25	3641	5653	6336	4115
2012-12-02	4427	7770	8741	5800
2012-12-09	5132	9069	10287	6970
2012-12-16	6359	10160	11044	7946
2012-12-23	7904	10306	11499	8246
2012-12-30	8618	9594	10888	7719
2013-01-06	10112	10380	10455	9060
2013-01-13	10555	10231	9976	8722
2013-01-20	9408	7813	8823	6387
2013-01-27	7209	6294	7383	5132
2013-02-03	5541	5344	5919	4237
2013-02-10	4555	4755	5230	3655
2013-02-17	4240	4563	4998	3512
2013-02-24	3784	4355	4713	3231
2013-03-03	3504	4208	4601	3237
2013-03-10	3242	4177	4513	3066
2013-03-17	2894	3572	3869	2717
2013-03-24	2673	3288	3234	2467
2013-03-31	2482	3085	3080	2287
2013-04-07	2121	2141	2298	1742
2013-04-14	1747	1535	1746	1300
2013-04-21	1681	1433	1664	1194
2013-04-28	1534	1343	1469	1091
2013-05-05	1438	1259	1376	1037
2013-05-12	1286	1112	1237	917
2013-05-19	1165	916	1048	841
2013-05-26	1149	894	952	767
2013-06-02	1063	785	849	701
2013-06-09	1024	725	805	672
2013-06-16	997	731	799	645
2013-06-23	966	688	791	619
2013-06-30	925	667	723	607
2013-07-07	941	733	818	634
2013-07-14	907	714	793	616
2013-07-21	956	805	923	658
2013-07-28	850	554	567	656
2013-08-04	869	547	614	676
2013-08-11	907	544	641	720
2013-08-18	952	858	940	788
2013-08-25	977	920	987	849
2013-09-01	1085	888	1158	969
2013-09-08	1154	1046	1318	1031
2013-09-15	1259	931	1189	982
2013-09-22	1350	1101	1209	1104
2013-09-29	1363	920	1016	1124
2013-10-06	1405	1129	1203	1261
2013-10-13	1354	1185	1224	1252
2013-10-20	1445	1313	1444	1311
2013-10-27	1460	1249	1133	1396
2013-11-03	1560	1387	1318	1499
2013-11-10	1628	1828	1816	1616
2013-11-17	1661	1895	2131	1759
2013-11-24	1708	2394	2377	1893
2013-12-01	2043	3002	3193	2337
2013-12-08	2238	2936	3076	2457
2013-12-15	3196	4826	5255	4006
2013-12-22	4625	6227	5862	5178
2013-12-29	5008	4835	4765	4901
2014-01-05	4691	3436	3943	3947
2014-01-12	4486	3079	3414	3733
2014-01-19	4022	2858	3253	3346
2014-01-26	3472	2357	2510	2987
2014-02-02	2910	2098	2080	2361
2014-02-09	2496	1570	1567	1896
2014-02-16	2228	1420	1455	1700
2014-02-23	1986	1307	1439	1695
2014-03-02	1873	1100	1022	1550
2014-03-09	1773	1142	1042	1331
2014-03-16	1738	1103	1176	1383
2014-03-23	1750	1157	1284	1321
2014-03-30	1778	984	971	1289
2014-04-06	1771	926	1012	1226
2014-04-13	1607	913	957	1061
2014-04-20	1530	969	1013	1149
2014-04-27	1467	1059	1026	1125
2014-05-04	1415	862	902	1054
2014-05-11	1339	992	1121	1028
2014-05-18	1289	894	1003	1042
2014-05-25	1318	957	1089	961
2014-06-01	1155	663	741	928
2014-06-08	1071	647	732	865
2014-06-15	1054	584	690	747
2014-06-22	995	596	643	724
2014-06-29	990	586	467	776
2014-07-06	964	643	685	769
2014-07-13	1028	573	805	738
2014-07-20	1008	615	695	747
2014-07-27	793	549	569	541
2014-08-03	825	547	570	567
2014-08-10	762	528	592	579
2014-08-17	808	706	545	577
2014-08-24	827	816	546	648
2014-08-31	948	760	637	724
2014-09-07	1096	845	763	753
2014-09-14	1229	808	750	768
2014-09-21	1164	978	1051	907
2014-09-28	1192	1185	1164	935
2014-10-05	1291	1250	1079	971
2014-10-12	1352	1413	1324	1186
2014-10-19	1349	1437	1582	949
2014-10-26	1224	1440	1536	1244
2014-11-02	1374	1884	2227	1384
2014-11-09	1379	1679	1427	1380
2014-11-16	1549	2569	2884	1522
2014-11-23	1673	3046	3152	1858
